4096 4096
6
1123
619 1017 619 1016 130 1016 130 66
3 472 3 504 936 504 936 831
607 855 560 855 560 535 563 535
200 807 60 807 60 996 63 996
866 320 866 126 119 126 119 102
227 98 224 98 224 124 893 124
17 293 17 551 159 551 159 881
353 371 352 371 352 995 554 995
267 826 267 352 608 352 608 307
538 968 937 968 937 638 1019 638
28 975 33 975 33 720 531 720
651 125 938 125 938 1012 996 1012
1004 556 19 556 19 793 22 793
858 191 858 263 14 263 14 488
893 770 893 767 684 767 684 885
403 351 403 274 181 274 181 211
154 186 161 186 161 952 771 952
173 668 555 668 555 692 1006 692
884 995 884 936 475 936 475 915
674 33 939 33 939 654 1009 654
224 183 224 442 628 442 628 893
543 30 543 132 849 132 849 764
599 865 556 865 556 447 398 447
857 503 629 503 629 272 396 272
213 959 630 959 630 915 714 915
503 302 503 353 372 353 372 894
551 921 629 921 629 619 813 619
845 131 892 131 892 228 917 228
561 48 287 48 287 227 290 227
690 668 814 668 814 169 837 169
252 262 249 262 249 101 504 101
89 785 86 785 86 634 123 634
753 73 29 73 29 928 32 928
558 562 162 562 162 156 94 156
59 991 59 895 867 895 867 737
8 1453 8 1334 723 1334 723 1303
185 1464 182 1464 182 1996 766 1996
205 1178 205 1231 482 1231 482 1363
964 1089 964 1382 340 1382 340 1870
1003 1067 1000 1067 1000 1810 921 1810
259 1416 259 1979 855 1979 855 2006
795 1116 79 1116 79 1333 82 1333
842 1762 839 1762 839 1527 848 1527
611 1303 359 1303 359 1275 362 1275
353 1895 353 1370 599 1370 599 1157
126 1839 123 1839 123 1825 339 1825
330 1038 320 1038 320 1568 323 1568
658 1503 704 1503 704 1742 953 1742
360 1597 360 1548 902 1548 902 1448
829 1865 450 1865 450 1549 453 1549
703 1603 469 1603 469 1978 472 1978
301 1338 724 1338 724 1263 777 1263
960 1493 903 1493 903 1374 184 1374
785 1767 376 1767 376 1819 379 1819
150 1873 150 1175 927 1175 927 1178
543 2046 816 2046 816 1874 1016 1874
501 1369 344 1369 344 1871 320 1871
178 1968 354 1968 354 1523 441 1523
681 1803 681 1504 270 1504 270 1400
300 1739 448 1739 448 1524 571 1524
130 1258 340 1258 340 1380 684 1380
988 1048 426 1048 426 1068 37 1068
343 1380 389 1380 389 1115 547 1115
695 1074 789 1074 789 1952 876 1952
100 1341 260 1341 260 1624 447 1624
698 1139 698 1603 421 1603 421 1674
365 1318 291 1318 291 1322 294 1322
934 1874 934 1811 609 1811 609 1787
558 1629 537 1629 537 2020 540 2020
897 1372 792 1372 792 1287 795 1287
196 2256 76 2256 76 2817 79 2817
92 2220 89 2220 89 2619 243 2619
887 2218 887 2686 123 2686 123 2736
971 3043 971 2989 490 2989 490 2725
524 2163 677 2163 677 2575 1002 2575
602 2995 342 2995 342 2427 345 2427
12 2856 10 2856 10 2847 786 2847
63 2180 370 2180 370 2740 688 2740
114 2108 114 2164 643 2164 643 2515
1011 2558 1003 2558 1003 2870 871 2870
781 2329 778 2329 778 2724 852 2724
676 2707 610 2707 610 2481 613 2481
36 2986 81 2986 81 2543 413 2543
356 2297 314 2297 314 2542 317 2542
505 2877 502 2877 502 2548 547 2548
597 3071 344 3071 344 2497 347 2497
1021 2253 1000 2253 1000 2396 826 2396
352 2451 548 2451 548 2859 730 2859
387 2095 271 2095 271 2709 274 2709
685 2670 682 2670 682 2728 719 2728
12 2584 9 2584 9 2965 926 2965
986 2725 549 2725 549 2339 185 2339
362 2886 362 2990 925 2990 925 3033
418 2975 506 2975 506 2777 808 2777
433 2412 390 2412 390 2102 393 2102
484 2947 363 2947 363 2837 87 2837
824 2192 821 2192 821 2363 961 2363
186 3014 57 3014 57 2248 60 2248
411 2711 434 2711 434 2185 566 2185
663 2514 663 2335 28 2335 28 2260
702 2324 699 2324 699 2298 999 2298
330 2997 85 2997 85 2075 10 2075
1013 2666 1004 2666 1004 2914 862 2914
586 2166 567 2166 567 2329 469 2329
46 4018 73 4018 73 3616 172 3616
410 3789 407 3789 407 3876 458 3876
49 3640 46 3640 46 3684 292 3684
59 3970 59 3600 81 3600 81 3077
259 3368 144 3368 144 3439 147 3439
262 4063 261 4063 261 3281 512 3281
74 3823 219 3823 219 3683 666 3683
634 3076 260 3076 260 3657 234 3657
783 4036 800 4036 800 3087 825 3087
764 3991 186 3991 186 3599 131 3599
175 3241 175 3331 373 3331 373 3340
285 3824 282 3824 282 3919 798 3919
779 3443 683 3443 683 4094 662 4094
591 3894 537 3894 537 3201 446 3201
292 3628 292 3457 535 3457 535 3450
185 3642 125 3642 125 3776 128 3776
410 3480 536 3480 536 3240 847 3240
682 3629 682 3171 123 3171 123 3106
147 3635 86 3635 86 3672 89 3672
722 3198 66 3198 66 3178 69 3178
784 3257 900 3257 900 3408 1011 3408
218 3764 218 3598 108 3598 108 3151
799 3874 799 3875 10 3875 10 3487
339 3966 60 3966 60 3998 35 3998
432 3456 138 3456 138 3547 141 3547
493 3492 355 3492 355 3337 358 3337
192 3330 192 3172 691 3172 691 3148
893 3970 801 3970 801 3298 495 3298
404 3609 613 3609 613 3405 899 3405
612 3597 152 3597 152 3491 155 3491
373 3854 373 3481 598 3481 598 3385
3 3520 0 3520 0 4088 675 4088
1806 642 1869 642 1869 505 2042 505
1462 768 1208 768 1208 739 1149 739
1538 472 1653 472 1653 575 1681 575
1567 664 1199 664 1199 542 1202 542
1945 498 1828 498 1828 514 1831 514
1118 833 1713 833 1713 748 1784 748
1115 780 1115 724 1969 724 1969 522
1564 454 1480 454 1480 817 1483 817
1711 132 1110 132 1110 771 1113 771
1224 978 1224 216 1349 216 1349 219
1771 241 1771 665 1490 665 1490 825
1813 920 1785 920 1785 361 1600 361
1645 199 1786 199 1786 854 1914 854
1225 310 1446 310 1446 633 1975 633
1438 164 1181 164 1181 234 1184 234
1635 859 1470 859 1470 359 1473 359
1174 319 1169 319 1169 391 1172 391
1221 673 1476 673 1476 448 1763 448
1482 375 1482 403 1186 403 1186 809
1659 168 1656 168 1656 232 1673 232
1742 950 1539 950 1539 897 1459 897
1512 154 1049 154 1049 466 1052 466
1195 112 1513 112 1513 388 1654 388
1826 34 1501 34 1501 0 1504 0
1916 841 1913 841 1913 755 2015 755
1292 573 1350 573 1350 165 1361 165
1636 582 1551 582 1551 616 1554 616
1072 945 1114 945 1114 514 1652 514
2031 415 1351 415 1351 593 1280 593
1622 48 1622 95 1198 95 1198 892
1803 262 1789 262 1789 863 1676 863
1867 558 1689 558 1689 570 1692 570
1898 1786 1898 1789 1043 1789 1043 1667
1828 1452 1828 1336 1378 1336 1378 1339
1177 1919 1174 1919 1174 1042 1186 1042
1127 1934 1127 1631 1824 1631 1824 1578
1117 1079 1035 1079 1035 1659
1693 1338 1576 1338 1576 1695 1481 1695
1849 1139 1437 1139 1437 1904 1432 1904
1666 1546 1577 1546 1577 1124 1463 1124
1659 1258 1270 1258 1270 1432 1261 1432
1211 1475 1211 1451 1575 1451 1575 1358
1583 1250 1036 1250 1036 1331 1039 1331
2010 1947 2010 1162 1246 1162 1246 1045
1620 1674 1578 1674 1578 1034 1253 1034
1917 2035 1976 2035 1976 1653
1960 1627 1669 1627 1669 1438 1177 1438
1719 1782 1719 1727 1969 1727 1969 1221
1224 1417 1357 1417 1357 1498 1483 1498
1098 1480 1098 1766 1674 1766 1674 1857
1695 1078 1695 1285 1842 1285 1842 1504
1314 1650 1314 1734 1393 1734 1393 1932
1979 1533 1970 1533 1970 1875 1963 1875
1861 1975 1827 1975 1827 1337 1790 1337
1399 2037 1399 1675 2027 1675 2027 1348
1614 1929 1516 1929 1516 1825 1062 1825
1950 1673 1496 1673 1496 1462 1359 1462
1506 1402 1030 1402 1030 1363
1071 1157 1110 1157 1110 1765 1826 1765
1113 1133 1113 1839 1476 1839 1476 1899
1502 2042 1502 1696 1716 1696 1716 1495
1818 1865 1818 1632 1589 1632 1589 1055
1245 1995 1245 1831 1728 1831 1728 1810
2000 1182 1256 1182 1256 1515 1259 1515
1818 1077 1437 1077 1437 2013 1086 2013
1206 2189 1206 2301 1749 2301 1749 2401
1589 2619 1589 2826 1992 2826 1992 2863
1176 2122 1173 2122 1173 2812 1411 2812
1182 2730 1182 2537 1584 2537 1584 2497
1457 2315 1457 2316 1576 2316 1576 2356
1831 2749 1831 2530 1993 2530 1993 2119
1461 2678 1302 2678 1302 2980 1305 2980
1066 2915 1071 2915 1071 2754 1482 2754
1489 2094 1154 2094 1154 2084 1157 2084
1981 2536 1958 2536 1958 2944 1896 2944
1429 2084 1158 2084 1158 2072 1101 2072
1746 2609 1743 2609 1743 2460 1964 2460
1658 2771 1658 2742 1203 2742 1203 2666
1173 2166 1188 2166 1188 2338 1783 2338
1497 2873 1497 3041 1706 3041 1706 3039
1443 2987 1587 2987 1587 2176 1696 2176
1063 2305 1063 2229 1763 2229 1763 2182
1461 2930 1450 2930 1450 2688 1453 2688
1207 2967 1204 2967 1204 3050 1323 3050
1155 3058 1103 3058 1103 2328 1106 2328
1672 2655 1669 2655 1669 2299 2015 2299
1747 2614 1747 2659 1099 2659 1099 2691
1806 2773 1621 2773 1621 2156 1613 2156
1372 2535 1372 2257 1537 2257 1537 2256
1677 2453 1674 2453 1674 2562 1694 2562
1933 2664 1933 2552 1911 2552 1911 2534
1036 2969 1036 2701 1998 2701 1998 2518
1346 2073 1622 2073 1622 2162 1880 2162
1234 2284 1234 2322 1064 2322 1064 2610
1935 2376 1935 2402 1700 2402 1700 2658
1507 2794 1507 2618 1260 2618 1260 2597
1911 2318 1911 2323 1070 2323 1070 2871
1548 2859 1548 2813 1114 2813 1114 2500
1209 3001 1700 3001 1700 2775 1816 2775
1028 2468 1029 2468 1029 2312 1927 2312
1211 3436 1208 3436 1208 3411 1266 3411
1796 3171 1796 3202 1147 3202 1147 3428
1461 3280 1458 3280 1458 4033 1884 4033
1101 3457 1107 3457 1107 3696 1698 3696
1750 3754 1699 3754 1699 3686 1509 3686
1203 3894 1200 3894 1200 3860 1490 3860
1108 3449 1108 3747 1220 3747 1220 3744
1768 3675 1576 3675 1576 3091 1579 3091
1406 3328 1386 3328 1386 3613 1196 3613
1991 3940 1491 3940 1491 3415 1460 3415
1860 3397 1860 3281 1693 3281 1693 3129
1675 3286 1712 3286 1712 3401 1783 3401
1772 3747 1992 3747 1992 4022 2020 4022
1038 3623 1035 3623 1035 4061 1793 4061
1127 3517 1249 3517 1249 4046 1718 4046
1822 3366 1784 3366 1784 3578 1537 3578
1745 3845 1310 3845 1310 3094 1294 3094
1162 3393 1162 3102 1557 3102 1557 3074
1744 3642 1744 3212 1751 3212 1751 3161
1168 3479 1350 3479 1350 3370 1711 3370
1113 3537 1113 3437 1309 3437 1309 3411
1313 3103 1462 3103 1462 3340 1559 3340
1539 3939 1536 3939 1536 3266 1650 3266
1483 3649 1483 4013 1904 4013 1904 4092
1151 3076 1148 3076 1148 3855 1184 3855
1972 3221 1866 3221 1866 3223 1869 3223
1985 3190 1985 3643 1354 3643 1354 3782
1724 3876 1785 3876 1785 3434 1812 3434
1985 3759 1355 3759 1355 3784 1170 3784
1854 4040 1823 4040 1823 3072 1760 3072
1548 3111 1073 3111 1073 3991 1033 3991
3071 594 3071 152 3037 152 3037 131
2321 969 2395 969 2395 867 2995 867
2213 807 2210 807 2210 79 2236 79
2534 790 2495 790 2495 718 2075 718
2942 417 2457 417 2457 323 2402 323
2440 889 2440 954 3011 954 3011 995
2521 438 2521 446 2166 446 2166 740
2960 934 2960 929 2528 929 2528 932
2318 20 2249 20 2249 428 2252 428
2324 323 2321 323 2321 329 2704 329
2616 5 2579 5 2579 60 2582 60
2800 538 2800 700 2723 700 2723 896
2366 906 2388 906 2388 682 2443 682
3059 463 3059 153 2271 153 2271 134
3049 795 3039 795 3039 78 2984 78
2278 543 2265 543 2265 96 2268 96
2390 479 2310 479 2310 540 2313 540
2698 661 2755 661 2755 718 2828 718
2835 948 2576 948 2576 930 2579 930
2963 499 2971 499 2971 104 2982 104
2600 964 2487 964 2487 290 2490 290
2894 319 2894 562 2076 562 2076 642
2387 860 2068 860 2068 135 2067 135
2186 1012 2183 1012 2183 748 2193 748
2962 797 2687 797 2687 832 2474 832
2179 159 2179 544 2754 544 2754 699
2140 15 2140 595 2944 595 2944 949
2609 823 2609 563 2898 563 2898 334
2543 574 2540 574 2540 819 2646 819
2868 626 2868 522 2411 522 2411 481
2123 314 2120 314 2120 342 2456 342
2390 328 2520 328 2520 180 2891 180
2313 263 2314 263 2314 999 2951 999
2446 628 2446 613 2135 613 2135 143
2929 654 2930 654 2930 24 2365 24
2817 368 2814 368 2814 94 2832 94
2875 1900 2816 1900 2816 1866 2817 1866
2474 1089 2125 1089 2125 1965 2113 1965
2456 1999 2140 1999 2140 1377 2059 1377
2077 1507 2197 1507 2197 1542 2888 1542
2804 1152 2609 1152 2609 2012 2549 2012
2728 1365 2721 1365 2721 1981 2653 1981
2943 1814 2889 1814 2889 1129 2519 1129
2179 1556 2179 1808 2791 1808 2791 1941
2210 1482 2178 1482 2178 1386 2181 1386
2352 1908 2345 1908 2345 1702 2348 1702
2711 2002 2648 2002 2648 1454 2549 1454
2915 1188 2915 1605 2776 1605 2776 2044
2406 1993 2285 1993 2285 1924 2288 1924
2936 1869 2819 1869 2819 1310 2439 1310
2461 1456 2461 1074 3064 1074 3064 1062
2793 1477 2817 1477 2817 1130 2873 1130
2458 1211 2654 1211 2654 1627 2685 1627
2346 2028 2299 2028 2299 1653 2302 1653
2274 1745 2792 1745 2792 1921 3005 1921
2975 1054 2214 1054 2214 1475 2203 1475
2987 1396 2934 1396 2934 1028 2412 1028
3034 1327 3034 1901 2822 1901 2822 2000
2247 1851 2247 1453 2775 1453 2775 1273
2493 1592 2497 1592 2497 1979 2507 1979
2816 1189 2169 1189 2169 1174 2172 1174
2379 1332 2379 1691 2596 1691 2596 1858
2221 1833 2592 1833 2592 1506 2717 1506
2489 1313 2818 1313 2818 1882 2894 1882
2968 1027 2968 1902 2825 1902 2825 2020
2220 1992 2219 1992 2219 1179 3020 1179
2324 1707 2321 1707 2321 1094 2478 1094
2207 1039 2207 1102 2286 1102 2286 1528
2696 1763 2696 1859 2557 1859 2557 1861
2285 2792 2285 2557 2142 2557 2142 2388
2278 2979 2278 2886 2549 2886 2549 2154
2788 2334 2483 2334 2483 2774 2445 2774
2824 2835 2622 2835 2622 2742 2566 2742
2291 2248 2291 2180 2544 2180 2544 2177
2112 2569 2113 2569 2113 2657 2915 2657
2187 2366 2193 2366 2193 3012 2355 3012
2650 2830 2624 2830 2624 2189 2329 2189
2377 2672 2275 2672 2275 2687 2278 2687
2898 2619 2879 2619 2879 2896 2260 2896
2797 2436 2797 2775 2604 2775 2604 2828
2505 2186 2913 2186 2913 2927 2977 2927
2312 2963 2312 2540 2995 2540 2995 2137
2212 2827 2209 2827 2209 2083 2359 2083
2301 2982 2771 2982 2771 2841 2844 2841
2684 2613 2651 2613 2651 2938 2637 2938
2855 2246 2625 2246 2625 2126 2185 2126
2150 2413 2150 2294 2535 2294 2535 2196
2284 2885 2305 2885 2305 2183 2377 2183
2899 2440 2899 2861 2275 2861 2275 2877
2553 2959 2097 2959 2097 2096 2089 2096
2120 2679 2194 2679 2194 2391 2683 2391
2935 2820 2916 2820 2916 2377 2371 2377
2287 2353 2727 2353 2727 2826 2786 2826
2571 2494 2571 2453 2093 2453 2093 2456
2115 2367 2115 2320 3031 2320 3031 2158
2170 2905 2170 2836 2833 2836 2833 2532
2341 2611 2699 2611 2699 2597 2843 2597
2435 2113 2364 2113 2364 2143 2367 2143
2708 2950 2685 2950 2685 2571 2678 2571
2155 2801 2866 2801 2866 2611 2985 2611
3059 3676 3031 3676 3031 4002 2406 4002
2980 3763 2765 3763 2765 4061 2437 4061
2559 4022 2315 4022 2315 3172 2318 3172
2967 3740 2698 3740 2698 3678 2643 3678
2263 3649 2260 3649 2260 3392 2447 3392
2347 3454 2347 3590 2754 3590 2754 4054
2651 3254 2651 3269 2096 3269 2096 3885
3021 3147 2968 3147 2968 3748 2774 3748
2582 3343 2482 3343 2482 3580 2409 3580
2906 3989 2906 4023 2388 4023 2388 4024
2909 3250 2898 3250 2898 3166 2901 3166
2406 3130 2406 3230 2875 3230 2875 4091
2992 4034 2809 4034 2809 4075 2812 4075
2567 3468 2567 3675 2274 3675 2274 3991
2766 3229 2876 3229 2876 3736 2939 3736
3030 3826 3027 3826 3027 3092 3047 3092
2450 3937 2700 3937 2700 3447 2760 3447
2386 4007 2993 4007 2993 3313 3032 3313
2305 3319 2467 3319 2467 3573 2481 3573
2658 3082 2658 3270 2271 3270 2271 3831
3023 3172 3023 3100 2647 3100 2647 3092
2741 3242 2461 3242 2461 3820 2376 3820
2867 3710 2778 3710 2778 3373 2072 3373
2992 3954 2981 3954 2981 3361
2347 3736 2344 3736 2344 3707 2697 3707
2269 3201 2266 3201 2266 4085 2744 4085
2575 3801 2502 3801 2502 3892 2505 3892
2171 3356 2168 3356 2168 4001 2533 4001
2176 3905 2699 3905 2699 3412 2777 3412
2099 3948 2099 3653 2561 3653 2561 3528
2431 3311 2448 3311 2448 3804 2475 3804
3049 4084 3003 4084 3003 3346 3006 3346
2472 3304 2583 3304 2583 4050 2685 4050
2469 3338 2584 3338 2584 3810 2764 3810
2967 3129 2967 3344 2599 3344 2599 3488
3501 805 3501 697 3097 697 3097 39
3595 81 3570 81 3570 101 3274 101
4082 378 4082 291 3288 291 3288 290
3960 450 3960 432 3210 432 3210 427
3437 323 3323 323 3323 549 3326 549
3943 837 3899 837 3899 107 3747 107
3971 587 3961 587 3961 88 3817 88
4083 775 4084 775 4084 3 3085 3
3347 278 3347 502 3133 502 3133 594
3151 238 3843 238 3843 439 3852 439
3659 43 3552 43 3552 218 3383 218
3166 134 3595 134 3595 952 3694 952
3142 372 3142 455 3618 455 3618 481
4020 545 4020 41 3271 41 3271 44
3088 231 3113 231 3113 991 3285 991
3092 992 3092 896 4056 896 4056 178
3489 584 3486 584 3486 452 4049 452
3497 883 3704 883 3704 423 3806 423
3861 77 3227 77 3227 71 3230 71
3602 581 3602 210 3723 210 3723 38
3296 873 3566 873 3566 183 3655 183
3340 438 3340 440 3898 440 3898 788
3450 812 3238 812 3238 765 3241 765
3966 478 3750 478 3750 741 3753 741
3654 528 3609 528 3609 782 3509 782
3966 250 3963 250 3963 290 4034 290
3978 575 3972 575 3972 789 3651 789
3128 99 3703 99 3703 853 3781 853
3497 372 3524 372 3524 794 3538 794
3103 895 3103 715 3522 715 3522 596
3980 601 3980 219 3342 219 3342 215
3827 357 3749 357 3749 431 3661 431
3366 410 3348 410 3348 691 3331 691
4091 319 4086 319 4086 937 3632 937
3853 1207 3617 1207 3617 1479 3620 1479
3776 1321 3848 1321 3848 1536 3855 1536
3291 1422 3595 1422 3595 1079 3956 1079
3355 1162 3932 1162 3932 1786 3937 1786
3723 1734 3730 1734 3730 1539 3846 1539
3075 1763 3091 1763 3091 1953 3994 1953
3294 2010 3960 2010 3960 1420 3962 1420
3383 1897 4008 1897 4008 1326 4007 1326
3227 1038 3246 1038 3246 1466 3422 1466
3224 1528 3261 1528 3261 1999 3820 1999
4062 1700 4058 1700 4058 1062 3932 1062
3159 1367 3214 1367 3214 1880 3232 1880
4015 1233 4015 1208 3709 1208 3709 1122
3989 1150 4059 1150 4059 1503 4079 1503
4014 1289 3989 1289 3989 1804 3616 1804
3108 1419 3120 1419 3120 1910 3183 1910
4049 1623 4049 1063 3782 1063 3782 1049
3120 2013 3238 2013 3238 1961 3481 1961
3160 1146 3215 1146 3215 1456 3399 1456
4056 1167 3963 1167 3963 1702 3863 1702
3433 1841 3299 1841 3299 1959 3291 1959
3472 1217 3247 1217 3247 1075 3130 1075
3320 1692 3320 1467 3518 1467 3518 1423
3568 1691 3432 1691 3432 1236 3435 1236
3615 1698 3525 1698 3525 1556 3224 1556
3908 1517 3908 1273 3491 1273 3491 1270
3662 1809 3610 1809 3610 2013 3415 2013
3846 1222 3866 1222 3866 1527 3863 1527
3609 1830 3502 1830 3502 1711 3505 1711
3906 1597 3731 1597 3731 1616 3734 1616
3638 1782 3638 1699 3389 1699 3389 1572
3959 1210 3956 1210 3956 1590 3729 1590
4007 1849 3847 1849 3847 1502 3804 1502
3474 2147 3474 2287 4076 2287 4076 2910
3728 2397 3254 2397 3254 2200 3257 2200
3259 2339 3261 2339 3261 2169 3718 2169
3543 2634 3540 2634 3540 2770 3790 2770
3105 2675 3151 2675 3151 2131 3485 2131
3241 2176 3258 2176 3258 2212 3877 2212
3273 2066 3273 2850 3494 2850 3494 2943
3526 2756 3523 2756 3523 2096 3712 2096
3307 2985 3307 2965 3903 2965 3903 2236
3727 2675 3727 2405 3783 2405 3783 2303
3233 2152 3334 2152 3334 2705 3573 2705
3348 2067 3348 2215 3949 2215 3949 2447
3787 2647 3787 2676 3449 2676 3449 2673
3376 2681 3373 2681 3373 2819 3601 2819
3191 2660 3188 2660 3188 2589 3332 2589
3095 2194 3095 2639 3150 2639 3150 2647
3983 2993 3813 2993 3813 2794 3816 2794
3475 2662 3156 2662 3156 2821 3159 2821
3300 2674 3300 2822 3122 2822 3122 2921
3284 2580 3284 2827 3929 2827 3929 2849
3838 2936 3835 2936 3835 2967 4014 2967
3897 2234 3642 2234 3642 2301 3645 2301
3932 2816 3898 2816 3898 2181 3298 2181
3292 2505 3292 2398 3779 2398 3779 2337
3443 3001 3628 3001 3628 2706 4068 2706
3899 2097 3904 2097 3904 2529 3914 2529
3892 2279 3784 2279 3784 2616 3737 2616
3699 2999 3699 3002 3402 3002 3402 2970
3441 2294 3438 2294 3438 2756 3515 2756
3765 2057 3282 2057 3282 2412 3285 2412
3287 2963 3495 2963 3495 2938 3569 2938
3377 3286 3374 3286 3374 3257 3848 3257
3701 4093 3543 4093 3543 3196 3522 3196
3839 3821 3836 3821 3836 3599 3952 3599
3200 3684 3197 3684 3197 3322 3404 3322
3192 3330 3192 3733 3418 3733 3418 3906
3630 3543 3630 3925 3414 3925 3414 4075
3855 3931 3654 3931 3654 3165 3476 3165
3757 3958 3712 3958 3712 3698 3715 3698
3093 3336 3090 3336 3090 4009 3145 4009
3667 3390 3639 3390 3639 4016 3556 4016
3360 3634 3349 3634 3349 3346 3323 3346
3628 4056 3859 4056 3859 3362 3923 3362
3598 3218 3136 3218 3136 3265 3076 3265
3167 3886 3239 3886 3239 3652 3316 3652
3653 3216 3599 3216 3599 3255 3320 3255
3542 3596 3390 3596 3390 3361 3263 3361
3300 3210 3300 3287 3534 3287 3534 3670
3240 3097 3237 3097 3237 3116 3484 3116
3389 3407 3204 3407 3204 3372 3207 3372
3662 3751 3662 3436 3979 3436 3979 3150
3103 3924 3419 3924 3419 3830 3638 3830
3858 3883 3828 3883 3828 3642 3717 3642
3730 3107 3724 3107 3724 4052 3727 4052
3533 3970 4007 3970 4007 3243 4018 3243
3955 3435 3161 3435 3161 3428 3091 3428
3347 3092 3347 3695 4048 3695 4048 4020
3954 3602 3956 3602 3956 3096 3393 3096
3915 4060 4014 4060 4014 3324 4041 3324
3353 3732 3601 3732 3601 3648 3827 3648
3173 3475 3153 3475 3153 3762 3095 3762
3590 3134 3590 3572 3998 3572 3998 3736
3500 3109 3545 3109 3545 3560 3587 3560
3295 4015 3295 3685 3466 3685 3466 3656
3160 3433 3157 3433 3157 3760 3238 3760
3131 4050 3296 4050 3296 3773 3305 3773
4006 3937 3643 3937 3643 3770 3646 3770
425 1063 422 1063 422 1009 1888 1009
1249 978 1225 978 1225 985 423 985
1321 1071 1321 1064 4 1064 4 1042
1991 991 1080 991 1080 1060 584 1060
1079 1038 476 1038 476 1044 479 1044
478 2020 478 2007 1845 2007 1845 2005
1548 2019 1503 2019 1503 2063 257 2063
2 2039 86 2039 86 2081 1445 2081
1892 2007 1892 2066 389 2066 389 2087
1603 2010 1438 2010 1438 2047 245 2047
1703 3114 1703 3063 72 3063 72 3030
1436 3042 1426 3042 1426 3057 1429 3057
1217 3101 955 3101 955 3074 523 3074
1894 3085 1891 3085 1891 3100 1993 3100
84 3067 973 3067 973 3021 1037 3021
1905 1017 1905 1064 2686 1064 2686 1068
1749 988 1992 988 1992 1003 2202 1003
2071 983 2120 983 2120 1043 2217 1043
1256 1056 1253 1056 1253 983 1780 983
1891 1048 2221 1048 2221 1025 2473 1025
2531 2056 2531 2053 1776 2053 1776 2030
1606 2003 1893 2003 1893 2067 2813 2067
2003 2094 1490 2094 1490 2085 1202 2085
2588 2066 2585 2066 2585 2053 2720 2053
2866 2074 1756 2074 1756 2061 1759 2061
1469 3107 1978 3107 1978 3091 3037 3091
1505 3073 1580 3073 1580 3121 2095 3121
1316 3120 1704 3120 1704 3069 2262 3069
1778 3062 1752 3062 1752 3096 1370 3096
1900 3078 1753 3078 1753 3104 1736 3104
3883 1034 3767 1034 3767 1009 3770 1009
3106 1022 2679 1022 2679 1042 2682 1042
2509 990 2474 990 2474 1061 2470 1061
2557 1052 2976 1052 2976 1056 3340 1056
2220 1036 2217 1036 2217 973 2221 973
2783 2059 2783 2043 3562 2043 3562 2036
2428 2051 2721 2051 2721 2053 3553 2053
4034 2019 3996 2019 3996 2056 3620 2056
3657 2042 3657 2021 2674 2021 2674 2008
2675 2031 2532 2031 2532 2081 2464 2081
2400 3120 2998 3120 2998 3039 3666 3039
2389 3073 2656 3073 2656 3021 3698 3021
3741 3056 3741 3053 2132 3053 2132 3064
3915 3060 3742 3060 3742 3031 3714 3031
3264 3093 3283 3093 3283 3056 3431 3056
1029 1065 1008 1065 1008 1967 991 1967
998 295 997 295 997 1605 992 1605
1005 1844 1005 695 1049 695 1049 556
973 219 1030 219 1030 1163 1034 1163
977 579 1020 579 1020 694 1036 694
1065 2015 1029 2015 1029 1180 1017 1180
1028 2373 1028 1845 1001 1845 1001 1263
1030 2983 1015 2983 1015 2559 983 2559
990 2850 990 2397 1010 2397 1010 1125
1031 3003 1022 3003 1022 2030 977 2030
1030 3826 1033 3826 1033 2532 1052 2532
1071 3047 1065 3047 1065 2548 1066 2548
1032 2669 1026 2669 1026 2763 1029 2763
1048 3400 1048 3352 989 3352 989 3260
1020 3353 1012 3353 1012 2438 991 2438
2050 624 2050 984 2095 984 2095 1631
2054 1359 2054 840 2092 840
2025 686 2022 686 2022 1662 2026 1662
2011 1615 2012 1615 2012 1505 2036 1505
2021 783 2021 985 2077 985 2077 1557
2090 2317 2074 2317 2074 1775 2057 1775
2031 2569 2028 2569 2028 1803 2052 1803
2087 2951 2073 2951 2073 2166 2061 2166
2054 1446 2054 1963 2046 1963 2046 2072
2043 2801 2066 2801 2066 1769 2078 1769
2013 3618 2010 3618 2010 2867 2027 2867
2085 3872 2005 3872 2005 2322 2008 2322
2072 2168 2068 2168 2068 3517 2071 3517
2064 3920 2042 3920 2042 2167 2045 2167
2094 2881 2093 2881 2093 3635 2039 3635
3111 714 3111 767 3070 767 3070 1306
3039 1240 3039 1420 3114 1420 3114 1684
3082 1689 3082 1721 3036 1721 3036 1944
3058 727 3051 727 3051 267 3054 267
3060 433 3061 433 3061 690 3046 690
3102 2882 3092 2882 3092 1176 3076 1176
3029 2104 3037 2104 3037 1899 3075 1899
3035 2462 3026 2462 3026 2764 3029 2764
3096 2304 3105 2304 3105 2587 3122 2587
3109 1149 3109 1285 3121 1285 3121 1863
3069 2123 3048 2123 3048 2140 3050 2140
3054 2089 3087 2089 3087 2901 3096 2901
3080 3248 3081 3248 3081 2308 3064 2308
3052 2733 3029 2733 3029 2654 3032 2654
3074 2656 3069 2656 3069 3443 3061 3443
1586 2778 4057 2778 4057 671
1207 754 1204 754 1204 2318 1275 2318
1524 3274 1524 3271 4087 3271 4087 2966
1363 3540 1887 3540 1887 2590 3622 2590
2468 2704 2468 2097 102 2097 102 1114
3711 3832 111 3832 111 1648 114 1648
92 868 1961 868 1961 1506 2987 1506
3859 1995 3482 1995 3482 880 3204 880
1201 3320 3126 3320 3126 1785 3260 1785
1392 1523 1032 1523 1032 3485 407 3485
2171 777 2092 777 2092 3417 2003 3417
225 3741 3616 3741 3616 1167 3636 1167
3061 897 3708 897 3708 3644 3741 3644
603 2488 603 2120 4034 2120 4034 1529
2874 3851 2874 3767 3707 3767 3707 2247
2302 3228 1014 3228 1014 2382 747 2382
2351 3608 2377 3608 2377 3031 2441 3031
518 2440 518 2048 920 2048 920 1650
1814 2799 3123 2799 3123 198 3552 198
1662 262 1662 860 1436 860 1436 1445
2343 1677 2340 1677 2340 1516 3865 1516
3695 4027 3695 1096 3849 1096 3849 946
1269 1972 1269 2075 3013 2075 3013 2453
1091 1894 1088 1894 1088 402 1456 402
261 155 671 155 671 2062 1323 2062
3259 101 3259 3294 2833 3294 2833 3766
3694 3998 3668 3998 3668 436 3179 436
2335 1846 2389 1846 2389 733 2470 733
2626 3343 2626 3301 20 3301 20 1991
2278 1062 2917 1062 2917 2570 2923 2570
262 2377 259 2377 259 2281 1186 2281
1138 3746 1138 1603 1345 1603 1345 1500
1879 2533 1995 2533 1995 4024 3322 4024
72 3643 72 3068 2996 3068 2996 1694
80 2821 80 1339 1269 1339 1269 1341
386 1341 386 1342 3803 1342 3803 1372
682 935 1023 935 1023 3051 1740 3051
211 3980 1072 3980 1072 2833 1201 2833
3810 3444 3810 3933 79 3933 79 4038
2685 1305 2685 2219 1973 2219 1973 3651
3712 3301 4049 3301 4049 3972
3178 4043 993 4043 993 3712 996 3712
233 369 2350 369 2350 406 2770 406
2067 306 1007 306 1007 1883 641 1883
1364 3812 1185 3812 1185 4069 720 4069
3374 2205 3335 2205 3335 2134 1801 2134
4013 4012 3870 4012 3870 3219 1226 3219
568 1527 457 1527 457 3170 460 3170
369 2605 369 2991 739 2991 739 3198
1279 1158 2016 1158 2016 652 2702 652
3600 3656 3088 3656 3088 2054 2318 2054
2766 737 3107 737 3107 2608 3350 2608
3929 525 3929 928 4071 928 4071 1078
3545 521 3545 807 3464 807 3464 2744
859 1408 349 1408 349 3874 352 3874
719 1470 719 1724 2888 1724 2888 1763
373 3876 373 3877 645 3877 645 3555
2200 2904 2200 1582 3075 1582 3075 1176
2837 205 2052 205 2052 1777 1888 1777
127 599 127 974 3918 974 3918 1187
1198 1835 1198 899 554 899 554 672
3947 2658 3947 220 1790 220 1790 206
1109 1430 1107 1430 1107 3443 3615 3443
2671 2453 2671 3992 1672 3992 1672 4011
3968 2080 3968 2071 280 2071 280 1352
606 3945 331 3945 331 563
3348 3684 3060 3684 3060 2864 2629 2864
3803 2096 3713 2096 3713 14 681 14
663 3666 3152 3666 3152 2588 3387 2588
3988 1797 3558 1797 3558 1738 3561 1738
3494 3566 3494 3288 1230 3288 1230 3127
2398 2798 103 2798 103 1438 106 1438
85 2442 82 2442 82 3390 3812 3390
1380 3449 1377 3449 1377 2298 1387 2298
488 1017 488 1018 3065 1018 3065 1386
2392 1221 3106 1221 3106 2430 3197 2430
3874 2688 3791 2688 3791 3029 2218 3029
738 768 738 2807 2616 2807 2616 2805
1711 2464 1711 2770 1972 2770 1972 3408
1475 1700 2053 1700 2053 524 2063 524
612 2856 612 2988 4000 2988 4000 2987
3305 2861 3114 2861 3114 2743 2928 2743
2065 1557 2057 1557 2057 52 580 52
1667 1504 1024 1504 1024 2860 723 2860
3302 3184 3700 3184 3700 1203 3756 1203
1859 1074 1859 1085 4081 1085 4081 2357
3262 2143 3262 2144 755 2144 755 2479
26 3030 23 3030 23 1138 1388 1138
1211 194 1208 194 1208 172 1379 172
3138 2070 3138 2044 3883 2044 3883 988
2747 1465 2747 1421 1579 1421 1579 1394
1416 2256 1416 2048 701 2048 701 1921
351 535 351 2992 921 2992 921 3635
1050 2657 1050 3444 1385 3444 1385 3527
911 4006 1540 4006 1540 3905 1733 3905
1180 200 1180 2806 1870 2806 1870 2932
294 3893 1034 3893 1034 1600 1495 1600
846 2264 846 1013 3451 1013 3451 767
1106 3615 972 3615 972 2872 743 2872
1139 513 1139 893 1580 893 1580 1101
3544 3166 3442 3166 3442 982 3441 982
330 3673 330 3652 2662 3652 2662 3472
3257 1809 3245 1809 3245 1134 1264 1134
1453 1620 2045 1620 2045 1450 2054 1450
184 464 2064 464 2064 771 3634 771
483 1092 483 996 701 996 701 986
961 1565 2215 1565 2215 1444 2315 1444
3171 683 3171 881 3334 881 3334 1374
788 1533 788 1093 104 1093 104 54
1890 81 1890 155 1475 155 1475 532
2202 1408 2202 1101 2997 1101 2997 95
1792 1873 1792 1876 3802 1876 3802 1679
3618 454 3655 454 3655 749 3858 749
1819 1279 998 1279 998 1784 796 1784
3983 828 1050 828 1050 550 41 550
3304 2047 3995 2047 3995 1911 4001 1911
2139 223 2139 240 3702 240 3702 567
1075 1902 1075 1720 3244 1720 3244 1597
2349 393 2349 1063 2730 1063 2730 1146
4000 777 3525 777 3525 728 1288 728
1788 809 1788 4 4046 4 4046 7
104 463 2065 463 2065 687 3412 687
3657 978 3587 978 3587 1284 3110 1284
2917 380 2899 380 2899 1604 2654 1604
791 1653 791 1723 3423 1723 3423 1823
1891 1160 1891 1045 2089 1045 2089 499
2670 965 2670 971 413 971 413 1072
3962 1337 3962 885 3675 885 3675 445
3544 1300 3483 1300 3483 599 3200 599
1571 657 1637 657 1637 577 1710 577
3872 557 2091 557 2091 457 1790 457
3586 1272 3586 970 1868 970 1868 448
160 313 160 1015 3316 1015 3316 2042
3233 904 3921 904 3921 1793 3931 1793
3984 320 3984 1049 2056 1049 2056 1636
2196 1519 1250 1519 1250 1613 273 1613
3702 209 3573 209 3573 748 3576 748
2911 258 3066 258 3066 1063 3173 1063
764 1031 2119 1031 2119 1779 2124 1779
2443 335 2443 354 304 354 304 1901
2744 910 3125 910 3125 1579 3287 1579
3931 1402 3931 1693 2620 1693 2620 1719
2115 1161 1850 1161 1850 1004 1837 1004
1093 238 1093 239 3833 239 3833 811
100 1754 786 1754 786 1772 1919 1772
1213 2006 1213 1715 2375 1715 2375 1596
3920 1178 3920 1537 3437 1537 3437 1665
1313 146 3588 146 3588 1106 3594 1106
2608 1942 2608 1877 1658 1877 1658 1857
2067 142 2067 972 3025 972 3025 1070
454 1803 999 1803 999 1108 2417 1108
3146 1408 3146 1312 3187 1312 3187 5
2674 130 1439 130 1439 205 1399 205
3956 233 1901 233 1901 723 1496 723
3842 417 3603 417 3603 1968 2882 1968
2439 1619 2464 1619 2464 1690 2750 1690
1270 94 505 94 505 122 455 122
1170 1099 1092 1099 1092 1946 1078 1946
2980 1153 2980 911 2735 911 2735 860
2143 1467 2143 1016 3100 1016 3100 967
2958 1843 2958 1014 2147 1014 2147 10
3955 1543 2994 1543 2994 1575 2944 1575
3961 9 3067 9 3067 1075 2590 1075
3869 924 2535 924 2535 704 2498 704
2269 320 2269 317 3674 317 3674 405
3061 691 3061 1008 2876 1008 2876 1007
2886 190 2874 190 2874 1573 2665 1573
2663 139 2238 139 2238 887 2210 887
3196 528 3196 1102 2907 1102 2907 1529
2765 1396 2765 1685 3237 1685 3237 1986
2244 622 2241 622 2241 1725 2517 1725
3565 460 3565 806 3454 806 3454 1824
3850 628 3834 628 3834 955 3821 955
3500 1084 3567 1084 3567 149 3805 149
3213 1513 3213 1776 2785 1776 2785 1828
2686 799 2686 376 2989 376 2989 42
3266 1156 3577 1156 3577 292 3584 292
4085 671 3118 671 3118 642 2534 642
2494 728 2494 950 3450 950 3450 1405
3202 81 2996 81 2996 941 2771 941
3805 1491 3805 953 2339 953 2339 382
2133 366 2133 1017 2213 1017 2213 1101
2383 1099 2383 1107 3988 1107 3988 1669
2968 1215 3040 1215 3040 1389 3286 1389
3298 1917 3298 952 2551 952 2551 939
2987 388 2983 388 2983 26 2966 26
2256 817 2543 817 2543 885 3311 885
4081 75 3553 75 3553 306 3438 306
2426 521 2838 521 2838 51 3510 51
3816 670 3782 670 3782 883 3708 883
2320 571 2990 571 2990 162 3551 162
2149 809 3062 809 3062 425 3865 425
3048 861 2963 861 2963 581 2818 581
2322 690 2322 655 3170 655 3170 646
3523 752 3063 752 3063 967 2104 967
2782 244 2915 244 2915 951 3037 951
3167 60 3167 62 2269 62 2269 269
3515 677 2756 677 2756 612 2369 612
2534 702 2531 702 2531 188 2624 188
2397 213 2394 213 2394 224 2723 224
2423 334 2423 61 2649 61 2649 50
2132 568 2098 568 2098 657 2101 657
2821 580 2991 580 2991 154 3011 154
2088 280 2090 280 2090 561 2370 561
2654 90 2369 90 2369 445 2366 445
2512 59 2237 59 2237 204 2224 204
2368 212 2180 212 2180 151 2150 151
2928 234 2892 234 2892 103 2743 103
2332 254 2270 254 2270 309 2210 309
2681 266 2681 29 3016 29 3016 32
3069 151 3038 151 3038 83 2998 83
3054 186 2839 186 2839 407 2694 407
2966 378 2638 378 2638 379 2641 379
2616 393 2772 393 2772 413 2970 413
2756 216 2705 216 2705 73 2631 73
2769 352 2769 180 2606 180 2606 75
2628 213 2675 213 2675 110 2704 110
2569 469 2577 469 2577 203 2626 203
2758 31 2759 31 2759 370 2753 370
2722 290 2722 332 2599 332 2599 353
2581 505 2578 505 2578 267 2719 267
2562 462 2559 462 2559 308 2576 308
2751 458 2625 458 2625 349 2628 349
2635 501 2632 501 2632 370 2667 370
2757 338 2742 338 2742 430 2745 430
2717 349 2723 349 2723 332 2754 332
2786 290 2771 290 2771 423 2723 423
2740 292 2740 287 2713 287 2713 290
2698 502 2766 502 2766 406
2725 464 2717 464 2717 420 2720 420
2733 302 2733 313 2705 313 2705 442
2740 361 2711 361 2711 321 2714 321
2714 447 2698 447 2698 265 2701 265
2688 284 2688 365 2697 365 2697 382
2747 286 2711 286 2711 299 2714 299
2694 331 2693 331 2693 266 2726 266
2712 277 2734 277 2734 311 2737 311
2700 276 2702 276 2702 259 2722 259
2688 331 2689 331 2689 297 2719 297
2691 295 2705 295 2705 282 2717 282
2720 296 2721 296 2721 312 2705 312
2713 269 2703 269 2703 291
2713 265 2713 262 2692 262 2692 270
2707 268 2704 268 2704 310 2716 310
1318 1733 1394 1733 1394 1473 1571 1473
1376 1699 1376 1602 1129 1602 1129 1353
1427 1449 1372 1449 1372 1435 1375 1435
1386 1400 1326 1400 1326 1344 1329 1344
1292 1380 1289 1380 1289 1282 1461 1282
1413 1700 1410 1700 1410 1666 1467 1666
1605 1896 1550 1896 1550 2119 1391 2119
1140 1984 1157 1984 1157 1771 1517 1771
1319 2057 1439 2057 1439 1985 1473 1985
1359 2043 1491 2043 1491 2156 1558 2156
1217 1877 1214 1877 1214 1830 1436 1830
1159 2271 1156 2271 1156 2108 1189 2108
1261 2382 1154 2382 1154 2590 1157 2590
1342 2326 1342 2451 1540 2451 1540 2730
1188 2672 1185 2672 1185 2655 1373 2655
1330 2617 1436 2617 1436 2344 1547 2344
1467 2362 1464 2362 1464 2371 1515 2371
1535 2686 1508 2686 1508 2600 1473 2600
1442 3295 1210 3295 1210 3207 1213 3207
1131 3162 1131 2834 1268 2834 1268 2823
1153 2870 1152 2870 1152 3086 1219 3086
1474 3060 1156 3060 1156 2912 1155 2912
1286 3178 1463 3178 1463 3298 1526 3298
1585 3247 1585 3070 1269 3070 1269 3073
1651 1505 1651 1628 1738 1628 1738 1672
1814 1574 2007 1574 2007 1375 2051 1375
2070 1291 2070 1293 1884 1293 1884 1352
1682 1297 2055 1297 2055 1714 2115 1714
1687 1361 1718 1361 1718 1511 2006 1511
1775 1571 1775 1575 1878 1575 1878 1601
1910 1897 2103 1897 2103 2065 2120 2065
2061 1849 2055 1849 2055 2088 1806 2088
1996 1783 2075 1783 2075 1775 2081 1775
1825 1806 1825 1866 1769 1866 1769 2231
1924 2021 1698 2021 1698 2213 1665 2213
1694 1965 1697 1965 1697 2187 1650 2187
1791 2573 1788 2573 1788 2529 1978 2529
2065 2375 2032 2375 2032 2704 1624 2704
1662 2579 1662 2423 1999 2423 1999 2370
1879 2355 1965 2355 1965 2524 1974 2524
1799 2316 1796 2316 1796 2348 1814 2348
1821 2768 2033 2768 2033 2552 2087 2552
1985 3056 1741 3056 1741 3019 1708 3019
1698 3280 1724 3280 1724 3274 1994 3274
1922 3057 1865 3057 1865 2847 1711 2847
1976 3241 1627 3241 1627 3254 1630 3254
2037 3033 2037 3086 2000 3086 2000 3177
1864 2883 1811 2883 1811 3274 1723 3274
2291 1349 2376 1349 2376 1510 2448 1510
2375 1429 2248 1429 2248 1357 2242 1357
2146 1381 2144 1381 2144 1363 2216 1363
2263 1511 2377 1511 2377 1321 2455 1321
2521 1354 2502 1354 2502 1346 2505 1346
2186 1709 2217 1709 2217 1268 2557 1268
2496 1854 2215 1854 2215 1887 2218 1887
2584 1975 2202 1975 2202 1963 2203 1963
2632 1824 2632 1847 2138 1847 2138 1979
2361 1850 2182 1850 2182 2240 2185 2240
2403 1888 2201 1888 2201 2124 2204 2124
2282 1917 2282 2055 2514 2055 2514 2119
2427 2568 2427 2495 2619 2495 2619 2380
2351 2347 2244 2347 2244 2736 2247 2736
2495 2631 2135 2631 2135 2600 2138 2600
2448 2628 2445 2628 2445 2583 2563 2583
2442 2628 2122 2628 2122 2568 2124 2568
2593 2643 2566 2643 2566 2534 2569 2534
2376 3268 2319 3268 2319 3037 2321 3037
2583 3098 2554 3098 2554 2827 2380 2827
2500 3257 2440 3257 2440 3102 2413 3102
2296 3082 2296 3030 2202 3030 2202 2906
2224 3177 2304 3177 2304 3107 2439 3107
2318 3211 2356 3211 2356 2965 2508 2965
3103 1649 3103 1423 2933 1423 2933 1319
3119 1743 3119 1686 2674 1686 2674 1655
2760 1268 3035 1268 3035 1422 3043 1422
3012 1512 2916 1512 2916 1632 2730 1632
2675 1464 2672 1464 2672 1398 2693 1398
2655 1649 2655 1687 2962 1687 2962 1747
2942 2202 2939 2202 2939 1922 2967 1922
2877 2010 3014 2010 3014 2117 3038 2117
2836 1805 2833 1805 2833 1808 3090 1808
3028 2269 3028 1815 2838 1815 2838 1798
2878 1957 2878 1955 2993 1955 2993 1941
2762 1923 2762 1897 2707 1897 2707 1767
3041 2531 3075 2531 3075 2702 3108 2702
2836 2561 2997 2561 2997 2343 3009 2343
2811 2508 2840 2508 2840 2421 3079 2421
2874 2309 2851 2309 2851 2307 2854 2307
3115 2690 3115 2734 2755 2734 2755 2749
2825 2511 2834 2511 2834 2554 2911 2554
3124 2869 3124 3121 2811 3121 2811 3129
2956 3203 2902 3203 2902 2972 2875 2972
2715 2879 2715 3074 2646 3074 2646 3158
3068 2803 3048 2803 3048 3145 3033 3145
3020 2839 2997 2839 2997 3099 2949 3099
3113 2826 3113 3206 2998 3206 2998 3242
1975 1754 1503 1754 1503 1747 1504 1747
1295 1748 1295 1756 1588 1756 1588 1788
1753 1748 1977 1748 1977 1769 2065 1769
1948 1767 1828 1767 1828 1755 1411 1755
1703 1742 2082 1742 2082 1777 2114 1777
1134 2254 1131 2254 1131 2288 1151 2288
1160 2289 1187 2289 1187 2258 1322 2258
2110 2262 1538 2262 1538 2254 1514 2254
1144 2297 1117 2297 1117 2293 1120 2293
1676 2255 1673 2255 1673 2277 2096 2277
1164 2794 1164 2795 1994 2795 1994 2780
1438 2780 1438 2804 2094 2804 2094 2812
1957 2802 1616 2802 1616 2782 1545 2782
1596 2791 1439 2791 1439 2766 1321 2766
2035 2766 1680 2766 1680 2802 1159 2802
1741 1785 2126 1785 2126 1761 2569 1761
1853 1778 1850 1778 1850 1773 2265 1773
1771 1784 1899 1784 1899 1787 2591 1787
1724 1743 1721 1743 1721 1786 1772 1786
2025 1781 1889 1781 1889 1777
2486 2290 2127 2290 2127 2282 1742 2282
1888 2289 1784 2289 1784 2300 1663 2300
2486 2278 1767 2278 1767 2286 1770 2286
1974 2258 2111 2258 2111 2275 2274 2275
2082 2289 2126 2289 2126 2293 2454 2293
2413 2814 2447 2814 2447 2780 2528 2780
1746 2805 2067 2805 2067 2794 2102 2794
1730 2763 1727 2763 1727 2769 1987 2769
1816 2766 1816 2763 2444 2763 2444 2771
1833 2799 2265 2799 2265 2805 2557 2805
2756 1782 2708 1782 2708 1764 2237 1764
2720 1739 2433 1739 2433 1766 2242 1766
2340 1756 2337 1756 2337 1782 2343 1782
3020 1775 2288 1775 2288 1770 2291 1770
2478 1788 2475 1788 2475 1753 2550 1753
2664 2257 2583 2257 2583 2279 2585 2279
2398 2288 2395 2288 2395 2259 2471 2259
2582 2279 2857 2279 2857 2261 2869 2261
2304 2273 2210 2273 2210 2258 2211 2258
2978 2258 2975 2258 2975 2296 2997 2296
2865 2798 2807 2798 2807 2763 2472 2763
2231 2796 2158 2796 2158 2766 2161 2766
2806 2764 2806 2776 2159 2776 2159 2791
2126 2771 2123 2771 2123 2773 2420 2773
3086 2789 2414 2789 2414 2785 2417 2785
1635 2016 1635 2157 1585 2157 1585 2228
1608 1848 1605 1848 1605 1884 1627 1884
1615 1681 1590 1681 1590 2049 1592 2049
1611 2239 1616 2239 1616 1427 1613 1427
1634 2035 1634 2067 1606 2067 1606 2201
1589 2042 1583 2042 1583 2438 1586 2438
1602 2642 1599 2642 1599 2345 1606 2345
1623 2048 1619 2048 1619 1837 1605 1837
1609 2065 1609 1997 1610 1997 1610 1922
1595 2774 1595 2719 1606 2719 1606 2626
1588 2982 1619 2982 1619 2562 1616 2562
1632 3201 1632 3029 1612 3029 1612 2439
1602 2372 1620 2372 1620 3040 1630 3040
1624 2343 1588 2343 1588 3231 1587 3231
1618 2776 1591 2776 1591 2763 1594 2763
2097 2013 2115 2013 2115 1292 2112 1292
2137 1767 2137 1769 2138 1769 2138 1770
2096 1387 2097 1387 2097 1830 2103 1830
2134 1274 2129 1274 2129 1280 2132 1280
2139 1991 2135 1991 2135 1925 2118 1925
2114 2066 2128 2066 2128 2637 2142 2637
2142 2775 2111 2775 2111 2505
2134 2194 2136 2194 2136 1766 2132 1766
2117 2184 2114 2184 2114 2361 2120 2361
2129 2604 2129 1984 2132 1984 2132 1987
2138 2456 2103 2456 2103 2829 2100 2829
2117 2649 2121 2649 2121 2290 2125 2290
2146 3003 2134 3003 2134 3246 2137 3246
2133 2475 2130 2475 2130 2724 2127 2724
2129 2971 2107 2971 2107 2626 2110 2626
2653 1534 2653 1689 2656 1689 2656 1762
2629 1290 2640 1290 2640 1988 2643 1988
2633 1952 2633 1883 2651 1883 2651 1551
2654 1920 2652 1920 2652 1384 2619 1384
2630 2078 2618 2078 2618 2105 2621 2105
2641 2239 2638 2239 2638 1920 2643 1920
2654 2524 2628 2524 2628 2571 2630 2571
2633 2319 2626 2319 2626 1861 2610 1861
2618 1849 2631 1849 2631 2601 2646 2601
2647 1958 2644 1958 2644 2462 2632 2462
2655 3035 2655 2939 2636 2939 2636 2909
2628 2859 2623 2859 2623 2407 2626 2407
2621 2766 2618 2766 2618 3200 2641 3200
2643 2998 2634 2998 2634 3085 2637 3085
2629 2354 2627 2354 2627 2683 2642 2683
2726 2409 2545 2409 2545 2741 1212 2741
2581 1335 2763 1335 2763 2485 2839 2485
2801 1725 2777 1725 2777 2175 2627 2175
2388 1513 2388 1721 1467 1721 1467 1942
1301 2700 1301 2249 2883 2249 2883 1826
2418 2701 2418 2626 2575 2626 2575 1912
2296 1765 2241 1765 2241 1785 2244 1785
2714 2841 2098 2841 2098 1990 1604 1990
2544 1372 3093 1372 3093 2863 3113 2863
1322 1866 1322 2076 2413 2076 2413 2094
2247 1427 2728 1427 2728 3188 2815 3188
1435 2454 1435 2313 2931 2313 2931 1696
1464 1838 1464 2531 2878 2531 2878 2825
1735 2053 1699 2053 1699 2975 1698 2975
2102 1924 2099 1924 2099 3120 2303 3120
2192 2523 2139 2523 2139 1492 1725 1492
2015 2493 2015 2287 1329 2287 1329 1984
1667 2762 2576 2762 2576 2487
2463 1655 2390 1655 2390 1277 2317 1277
2639 1882 2533 1882 2533 2179 2272 2179
2699 2355 1966 2355 1966 2422 1696 2422
1517 3199 1517 3097 1339 3097 1339 1407
1127 3050 1127 2008 1222 2008 1222 1881
1372 1873 1323 1873 1323 1850 1305 1850
1833 2215 1833 2232 1259 2232 1259 3181
1618 1893 1559 1893 1559 2476 1469 2476
1547 2109 1547 1907 1814 1907 1814 1726
2091 1345 2091 3059 1701 3059 1701 3086
2017 2542 2017 1898 1874 1898 1874 1778
1788 1424 1579 1424 1579 2797 1485 2797
1585 2238 1568 2238 1568 2297 1524 2297
1309 2722 1309 3058 1829 3058 1829 3142
1880 1930 1564 1930 1564 2260 1567 2260
1765 1837 1675 1837 1675 1728 1475 1728
1181 1601 1181 1450 1564 1450 1564 1417
1515 1704 1512 1704 1512 1719 1983 1719
1529 1492 1717 1492 1717 1599 1945 1599
1340 1484 1497 1484 1497 1654 1858 1654
1978 1404 1947 1404 1947 1616 1865 1616
1982 1412 1982 1314 1515 1314 1515 1271
1385 1710 1385 1623 1663 1623 1663 1468
1754 1513 2008 1513 2008 1456 2083 1456
1707 1461 1704 1461 1704 1383 1814 1383
1983 1310 1980 1310 1980 1299 2026 1299
1835 1521 1789 1521 1789 1391 1779 1391
1610 1630 1607 1630 1607 1373 1796 1373
1845 1472 1843 1472 1843 1521 1946 1521
1891 1253 1826 1253 1826 1387 1753 1387
1835 1378 1885 1378 1885 1334 1913 1334
1762 1485 1833 1485 1833 1376 2044 1376
2041 1309 1914 1309 1914 1505 1622 1505
2039 1390 1731 1390 1731 1420 1734 1420
2113 1368 2028 1368 2028 1311 1961 1311
2044 1269 2044 1283 1838 1283 1838 1353
1623 1279 1623 1264 1867 1264 1867 1267
1919 1380 1916 1380 1916 1319 2000 1319
1707 1359 1707 1315 1825 1315 1825 1297
2112 1314 2071 1314 2071 1260 1791 1260
1847 1281 1786 1281 1786 1313 1789 1313
1908 1284 1905 1284 1905 1292 2049 1292
1838 1289 1651 1289 1651 1275 1654 1275
1611 1305 1611 1290 2118 1290 2118 1275
1776 1254 1660 1254 1660 1274 1649 1274
1777 1253 1777 1250 1951 1250 1951 1274
1789 1284 1789 1282 1981 1282 1981 1267
1729 1281 1726 1281 1726 1265 1774 1265
2068 1257 1885 1257 1885 1262 1747 1262
