1000
56.7408757	9.3498486
56.7406785	9.3501884
56.7405445	9.3505485
56.7404845	9.3508058
56.7404863	9.3510534
56.7405022	9.3514747
56.7405585	9.3521273
56.7405974	9.3524201
56.740629	9.3525839
56.7406626	9.3527255
56.7408002	9.3530759
56.7409042	9.353404
56.7409995	9.3537287
56.7410594	9.354179
56.7411511	9.354581
56.7412058	9.3547868
56.7412693	9.3551147
56.7412905	9.3553365
56.7412975	9.355581
57.0106364	8.5856624
57.0099725	8.5851822
57.0089128	8.5834239
57.0085517	8.5831331
57.0078424	8.5825621
57.0077898	8.5825197
57.0069995	8.5818832
57.0062707	8.5812759
57.0231006	8.5617847
57.0227781	8.5610765
57.0228637	8.560503
57.0230085	8.5595327
57.0427326	8.5052981
57.045265	8.5053563
57.0452699	8.5038165
57.0452699	8.5038165
57.0443316	8.5058627
57.0444156	8.5064511
57.0444345	8.5066534
57.0444476	8.5069191
57.0444408	8.5070322
57.0444222	8.5071685
57.0443894	8.5073621
57.0443477	8.5075176
57.0443768	8.5076101
57.0444173	8.5076473
57.0445107	8.5076518
57.0443477	8.5075176
57.0443127	8.5075775
57.0442689	8.5076333
57.044215	8.507658
57.0441594	8.5076612
57.0434855	8.5077825
57.0434553	8.5078162
57.0415404	8.5109209
57.0412931	8.5105537
57.0407147	8.5104987
57.0405045	8.5108529
57.0402727	8.5090345
57.0400268	8.5093407
57.0398273	8.5103032
57.0395103	8.5120992
57.0392283	8.5135412
57.0391655	8.5138592
57.0389894	8.5147731
57.0391655	8.5138592
57.0392283	8.5135412
57.039077	8.5135308
57.0388947	8.5133852
57.0385506	8.5128028
57.038338	8.5126942
57.0381735	8.5125974
56.6303015	9.9801245
56.6305181	9.982581
56.6312617	9.9867007
56.6332391	9.9930909
56.6333452	9.9934128
56.633563	9.9953483
56.6336758	9.9959662
56.6339171	9.9971721
56.6340534	9.9977471
56.6342829	9.9987815
56.6342829	9.999189
56.6342356	9.99979
56.6340941	10.0000475
56.634814	9.9928806
56.6347078	9.9931595
56.6345307	9.9933096
56.6341767	9.9938677
56.6338817	9.9945973
56.6336639	9.9952796
57.0349732	8.5040581
57.0347101	8.504651
57.034391	8.5050406
57.0341125	8.505441
57.0340657	8.5058769
57.0341627	8.506144
57.0361494	8.5047652
57.0358438	8.5054694
57.035632	8.506267
57.0352725	8.5059781
57.035632	8.506267
57.0353607	8.507655
57.035027	8.5078432
57.0353607	8.507655
57.0354688	8.5079715
57.0384223	8.5095782
57.034004	8.5034799
57.0340392	8.5031724
57.0342288	8.5022901
57.0340392	8.5031724
57.0330286	8.5001263
57.0337013	8.4964619
57.0338587	8.4956918
57.0346384	8.4937439
57.0349844	8.4928182
57.0350524	8.4924457
57.0383121	8.493561
57.038257	8.4945638
57.0382219	8.4950533
57.0385264	8.4951614
57.0387225	8.4952613
57.0387604	8.4955789
57.0382219	8.4950533
57.0377045	8.4951316
57.0388635	8.4934561
57.0388068	8.4932023
57.0348166	8.4915196
57.0355816	8.4891618
57.0356551	8.4888485
57.0357096	8.4882028
57.0359197	8.4868158
57.0360844	8.4860267
57.036193	8.4855818
57.0365102	8.4842823
57.0359197	8.4868158
57.0380911	8.5130168
57.0371778	8.5121478
57.038257	8.4945638
57.0374783	8.4936964
57.0374882	8.4935132
57.0379374	8.491621
57.0383087	8.4900758
57.0387995	8.4885555
57.0389429	8.4884066
57.0393508	8.4885659
57.0394419	8.4884962
57.0395223	8.4881143
56.614923	9.502717
57.0699237	9.8600316
57.0697554	9.8592863
57.0694573	9.8592865
57.0626141	9.8733289
56.6287241	9.9849413
56.6391678	10.002794
56.6408315	10.001571
56.6410793	10.0011632
56.6412209	10.00097
56.6414215	10.0006912
56.6414993	10.0005366
56.6414569	10.0002834
56.6415277	10.0000904
56.642153	9.9997471
56.6422592	9.9995969
56.6422309	9.9993778
56.6415701	9.9971463
56.6411973	9.9967001
56.6411383	9.9964641
56.6423181	9.9888895
56.6421766	9.9879453
56.6341059	10.0014851
56.6366785	10.0014208
56.6369145	10.0015925
56.6373512	10.0019142
56.63754	10.0019572
56.6377406	10.0020216
56.6389907	10.0025794
56.6391678	10.002794
56.6392976	10.0032661
56.6400173	10.0058839
56.6404421	10.0074289
56.6409023	10.008652
56.6411973	10.0090596
56.6413742	10.0092314
57.034136	8.5035903
56.6305417	10.0003907
56.6317521	9.9999143
56.632135	10.0002406
56.6323711	10.0002406
56.633416	10.0000861
56.8033692	10.0677356
56.8033868	10.067993
56.8034103	10.0681969
56.8034556	10.0683996
56.8035807	10.0685187
56.8036788	10.0685928
56.8037728	10.0686249
56.8039214	10.0685401
56.8040565	10.0684329
56.8041311	10.068421
56.8042074	10.068539
56.8042914	10.0687333
56.8043089	10.0689588
56.804353	10.0692217
56.8044381	10.0696508
56.8045351	10.07008
56.8046555	10.0706219
56.8047449	10.0709853
56.8048066	10.0712535
56.8048523	10.0714211
56.8043354	10.0884102
56.8043265	10.0881367
56.8042795	10.0878578
56.8042678	10.0877129
56.804306	10.0876109
56.805005	10.0867793
56.8055424	10.0861249
56.8034219	10.0781801
57.0522153	9.5685446
57.05361	9.5693017
57.0536799	9.5679435
56.6202037	9.4459406
56.6200946	9.446005
56.6200191	9.4461132
56.6199618	9.4462142
56.6198805	9.4463062
56.6198231	9.4463161
56.619764	9.4463216
56.6196739	9.4462634
56.6170456	9.4421319
56.6179695	9.4419442
56.6182689	9.441886
56.618368	9.4418209
56.6184329	9.4416707
56.6185184	9.4413433
56.6190541	9.4393218
56.6194466	9.4379377
56.6195351	9.437675
56.6195781	9.4376365
57.0303709	9.9780988
57.0303905	9.9776683
57.0304105	9.977128
57.0304165	9.9770036
57.0304215	9.9768982
57.0304977	9.975305
57.0305612	9.9744942
57.0306556	9.973836
57.0307863	9.9732702
57.0301985	9.9793703
57.0301891	9.9795632
57.0301097	9.9812198
57.0298284	9.9872421
57.0297892	9.9881274
57.0297452	9.9893175
57.0297329	9.9894907
57.0296839	9.9902474
57.0295407	9.9916817
57.0294118	9.9925348
57.0293025	9.9932084
57.0290611	9.9943455
57.0288719	9.9951495
57.0286286	9.9959852
57.0283436	9.996861
57.0281685	9.9973383
57.0275088	9.9991384
57.0261591	10.0029041
57.0256654	10.0042653
57.0246463	10.0071281
57.0338543	9.9543467
57.0338378	9.9542176
57.0861845	9.59544
57.0851818	9.5928221
57.0842022	9.5910626
57.2836706	10.2381461
57.2825106	10.2382666
57.2818859	10.2385707
57.2808065	10.2391385
57.5103628	10.2252264
57.5089472	10.2246588
57.508243	10.2243614
57.5223522	10.1645493
57.5232502	10.1642051
57.5236813	10.1640715
57.5241277	10.1639376
57.5244818	10.1640333
57.5250103	10.1641862
57.5252463	10.1644059
57.5253798	10.1646257
57.5255747	10.1648742
57.5258416	10.1649794
57.5261648	10.1651416
57.5264163	10.1653234
57.526524	10.165266
57.5265599	10.1651416
57.5265599	10.1648359
57.5264778	10.1642434
57.5170876	10.1692108
57.5167911	10.1666562
57.5166326	10.1667589
57.5161361	10.1673366
57.5158121	10.1678886
57.5152605	10.1689797
57.5150399	10.1693905
57.5148675	10.1695701
57.5145917	10.1695575
57.5264801	10.1848471
57.5201786	10.1773496
57.5202144	10.1780639
57.5252218	10.1856244
57.5251974	10.1857515
57.5228426	10.1811448
57.5226841	10.1811577
57.5226082	10.1812475
57.5225669	10.1814144
57.5386777	10.2350543
57.529786	10.2120614
57.5297171	10.2108181
57.5467577	10.2271341
57.5465945	10.2231404
57.5479071	10.2233566
57.2935475	10.2150774
57.2935809	10.2162534
57.2936683	10.2193322
57.2941444	10.2210616
57.2940717	10.2225382
57.2941195	10.2232276
57.2942008	10.2238959
57.2943654	10.2241704
57.2945057	10.2245566
57.2947022	10.2252272
57.2948697	10.2259278
57.2948787	10.226599
57.2950342	10.2266875
57.2953502	10.2268675
57.2961933	10.2283105
57.2965741	10.2286125
57.296973	10.2286797
57.2987226	10.2278407
57.299176	10.227891
57.5174955	10.1562097
57.5175394	10.1557013
57.541301	10.2300888
57.5409971	10.2302733
57.540891	10.2302601
57.5407355	10.2301548
57.5405093	10.2299176
57.5402618	10.2295752
57.5400427	10.2292195
57.5398377	10.2288507
57.5396963	10.2286927
57.5394559	10.2286267
57.5391872	10.228561
57.5388479	10.2286135
57.309861	10.2763053
57.3095667	10.2762039
57.309334	10.2760518
57.3092039	10.2755575
57.3091286	10.2751648
57.308937	10.2747593
57.3087248	10.2744678
57.3084853	10.2742016
57.3082731	10.2738215
57.307705	10.271984
57.3075407	10.2717939
57.3069658	10.2716419
57.3064593	10.2716547
57.3055558	10.2720094
57.3053847	10.2719588
57.3052751	10.2716799
57.3050972	10.2710718
57.3049808	10.2709449
57.3048576	10.2709577
57.3043648	10.2713504
57.3042552	10.2713504
57.3041663	10.2711984
57.3038787	10.2691835
57.3038035	10.2690569
57.3035364	10.2691328
57.3033654	10.2693103
57.3032695	10.2697159
57.3030642	10.2699439
56.9949283	9.7291404
56.994777	9.7272534
56.9946952	9.7253545
56.9946069	9.7235545
56.9946367	9.7232731
56.9946771	9.7231147
56.9946303	9.722396
56.9946185	9.7219131
56.9946128	9.7212265
57.0090004	9.7233893
57.0087063	9.7196387
57.0085778	9.717804
57.0084902	9.7168492
57.0087653	9.7167391
57.009367	9.7163421
57.0067667	9.6732155
57.0059662	9.6724965
57.0052886	9.6717563
57.0050315	9.6714559
57.0049264	9.6714131
57.0048387	9.6713701
57.0041493	9.6714238
57.0039857	9.6714559
57.0038688	9.6715633
57.0037812	9.6717456
57.0029048	9.6741704
57.0028639	9.6743634
57.002227	9.6772602
57.5398684	10.2067775
57.5396785	10.2066516
57.5217021	10.2075862
57.0031093	9.7196815
57.0027938	9.7153041
57.5215005	10.2103786
57.0067841	9.7124504
57.0074333	9.7120399
57.0082687	9.7114714
57.020721	9.6770349
57.5084343	10.1844401
57.5084593	10.1842446
57.5084893	10.182661
57.5085091	10.181824
57.5085268	10.1815137
57.5085519	10.1810387
57.5086044	10.180652
57.0141214	9.6738914
57.0135724	9.6737733
57.0134497	9.6738056
57.013386	9.6738881
57.0133393	9.6741778
57.0129421	9.6767421
57.0122289	9.681326
57.033818	9.6826026
57.0335495	9.6826886
57.0333743	9.6827422
57.0332225	9.6829568
57.0331592	9.6831579
57.0319098	9.6841234
57.0302225	9.6854002
57.0300824	9.6854753
57.0299706	9.6853921
57.0295969	9.6846411
57.0292641	9.6837185
57.029124	9.6831713
57.0289955	9.682946
57.0288853	9.683072
56.857276	9.2697465
56.8570179	9.2695587
56.8568306	9.2694151
57.0118535	9.6846564
57.0112597	9.6883078
57.0107334	9.6914914
57.010675	9.6918134
57.0106224	9.6919583
57.0096118	9.693943
57.0087472	9.6956758
57.008	9.6971374
57.0070851	9.6990071
57.0070063	9.6995112
57.0069331	9.6998923
57.0068105	9.7000853
57.0066411	9.7002516
57.006387	9.7004448
57.0062468	9.7005574
56.8073163	10.0850361
56.8071062	10.0851258
56.8065717	10.0854101
56.8062427	10.0855819
56.8071871	10.0859801
56.8070269	10.0860539
56.7979086	10.0792852
56.7977131	10.0789793
56.7976619	10.0788991
56.797418	10.0785612
56.7972741	10.0783681
56.7971478	10.0782125
56.7970419	10.0781213
56.7969157	10.0780836
56.7968011	10.0781051
56.7966366	10.0782125
56.7965351	10.0782808
56.7964499	10.0783131
56.7963648	10.0783185
56.7963105	10.0782446
56.796243	10.0780623
56.7962019	10.0778317
56.7961842	10.0776868
56.7977131	10.0789793
56.7978175	10.0789688
56.7980026	10.0788724
56.7981319	10.0788347
56.7982317	10.0788187
56.798311	10.0788938
56.798361	10.0789903
56.7984021	10.0791084
56.7984403	10.0791835
56.7984844	10.0792102
56.7985255	10.0791727
56.7987194	10.0788401
56.7987781	10.0787812
56.7988163	10.0787436
56.7988692	10.0787222
56.7989426	10.0787222
56.7990102	10.0787436
56.7990777	10.0787919
56.7991394	10.0788508
56.7991776	10.0789367
56.7992128	10.0790118
56.7992452	10.0791244
56.7994066	10.0797198
56.7995006	10.0800953
56.799583	10.080444
56.7996388	10.0806801
57.2120727	10.1569443
56.6076007	8.6901193
56.6075125	8.6924421
56.6076007	8.6944446
56.6074905	8.6959665
56.6073142	8.6967674
56.6005079	8.7314305
56.6011867	8.7315872
56.6019541	8.7317643
56.6024752	8.7318845
56.6026852	8.731933
56.6035164	8.7321248
56.605419	8.7325639
56.6063729	8.7326621
56.6121522	8.7327324
56.613541	8.7328726
56.6149412	8.7332702
56.6158134	8.7335179
56.6175108	8.7340649
56.618072	8.7343315
56.6182467	8.7345654
56.6388329	8.7542087
56.6387767	8.7546688
56.6384063	8.7557011
56.6381595	8.7563746
57.5026824	10.3069605
57.5024298	10.3074067
57.501323	10.3103248
57.5006774	10.3120414
57.5006488	10.31223
57.5005506	10.3128784
57.5002854	10.3138654
57.5000202	10.3145091
57.4995706	10.3150241
57.4992478	10.3154747
57.1578794	9.6004835
57.1547838	9.6041528
57.1460193	9.6054189
57.138976	9.6064917
57.1383239	9.6067707
57.1382698	9.6069198
57.1382657	9.6072427
57.1491603	9.6135095
57.1406292	9.6026937
57.1409436	9.6055474
57.1410175	9.6058039
57.1412154	9.605718
57.1542018	9.5871798
57.1542251	9.5867506
57.1543764	9.5864715
57.1543764	9.5854418
57.1544463	9.5851198
57.1545317	9.5838955
57.1546831	9.5833163
57.1547954	9.5814721
57.154842	9.5797125
57.1469162	9.6149621
57.1491603	9.6135095
57.1495271	9.6153097
57.1496435	9.6152882
57.1461124	9.5955267
57.1448901	9.6119849
57.1480215	9.6028653
56.7575165	8.8356793
56.7575989	8.835674
56.7576834	8.8356335
56.7576893	8.8354189
56.7576511	8.8351346
56.6563119	10.0120101
56.6562718	10.0118448
56.6562323	10.0117419
56.6561763	10.0117097
56.6560849	10.0117527
56.6560418	10.0118342
56.655968	10.0120326
56.6559021	10.0120638
56.6558502	10.0120701
56.6557646	10.0120326
56.6556703	10.0119897
56.6006224	9.9695346
56.6005043	9.969642
56.6004452	9.9699639
56.6005279	9.970393
56.6003625	9.970393
56.6001735	9.9708006
56.6000554	9.9710582
56.5999568	9.9718671
56.6000619	9.9724701
56.6002509	9.9727919
56.6078754	9.980164
56.6077699	9.9794323
56.6076739	9.9784182
56.6075323	9.9773024
56.6073906	9.9762724
56.6072961	9.9758002
56.6068945	9.9742124
56.6063277	9.972925
56.605878	9.9725843
56.6548995	10.0122354
56.654699	10.0123105
56.6546458	10.0123963
56.6545987	10.0126323
56.6545575	10.0140057
56.6105194	9.9669812
56.6094212	9.9676249
56.6071065	9.9672173
56.6061617	9.9673459
56.6060909	9.9674319
56.6060082	9.9676892
56.6059254	9.969084
56.6057838	9.9697278
56.6058783	9.9714014
56.6059019	9.9724314
56.603965	10.0093172
56.6098581	10.0221703
56.6098227	10.0226209
56.609492	10.0249169
56.6091023	10.0264618
56.6088189	10.0271485
56.6084764	10.0279639
56.6082521	10.0287579
56.608134	10.0294015
56.6078978	10.03041
56.6024538	9.9654147
56.6005279	9.970393
56.6008887	9.9706247
56.6011013	9.9706247
56.602087	9.9706934
56.6030384	9.9713113
56.6554393	10.0119187
56.6552416	10.0114307
56.6550823	10.0110338
56.654942	10.0104394
56.6546282	10.0094994
56.6544277	10.0088773
56.6542036	10.00818
56.6540868	10.0076176
56.6539028	10.0073753
56.6529238	10.0067422
56.6526525	10.0065598
56.6523163	10.0064525
56.6520804	10.0066027
56.6514905	10.0070964
56.6510306	10.0075148
56.6506531	10.0078687
56.6503995	10.0078366
56.6499925	10.0075148
56.6496504	10.0071928
56.6492788	10.0068495
56.648748	10.0063023
56.6484342	10.005967
56.6478868	10.0057553
56.6476509	10.0058839
56.6474149	10.0062488
56.6472968	10.0065276
56.6469784	10.0071714
56.6465773	10.0075792
56.6461998	10.0079224
56.6456925	10.0080726
56.6104722	10.0152395
56.6104013	10.0154969
56.6103305	10.0154969
56.6098812	10.015325
56.6098227	10.0154969
56.6099408	10.0209044
56.6099053	10.0212477
56.6098227	10.021548
56.6098581	10.0221703
56.6450123	9.9762359
56.6456052	9.9760749
56.6456376	9.9765041
56.6456553	9.9766222
56.6457231	9.9766757
56.6155378	10.0146815
56.6154079	10.0149391
56.6154669	10.0161193
56.6155732	10.0186083
56.6154315	10.0220631
56.6154315	10.0226854
56.6153607	10.0231789
56.6153607	10.0234577
57.0679596	9.8515796
57.0681086	9.8515549
57.0685493	9.8515459
57.0699865	9.8514678
57.070967	9.8514451
57.0711009	9.8514044
57.0711824	9.8513358
57.07129	9.8512419
57.0713343	9.8511174
57.0713619	9.8509904
57.0713785	9.8506956
57.0254074	9.9122694
57.0254663	9.9122475
57.0257797	9.912351
57.0261926	9.9125015
57.0266959	9.912664
57.026722	9.9126724
57.0269364	9.9127405
57.0271983	9.912828
57.027305	9.9128418
57.0280875	9.9129619
57.0282608	9.9129848
57.0285665	9.9130249
57.0289184	9.9130658
57.0290871	9.913118
57.0293908	9.9132087
57.0296325	9.9132758
57.0298652	9.9133112
56.5982916	10.1384109
56.5981891	10.1387713
56.597563	10.1472686
56.5975157	10.1474831
56.5972913	10.1475046
56.597185	10.1476548
56.5971377	10.1479338
56.6466552	10.1074173
56.5839788	10.18534
56.5853927	10.184429
56.5872577	10.1822571
56.592082	10.1787039
56.592342	10.1782748
56.5923715	10.1779273
56.5916863	10.1741079
56.591828	10.1738503
56.5985322	10.1661298
56.6005875	10.1637695
56.6014571	10.1630856
56.585128	10.1723226
56.6330202	10.1439856
56.6473559	10.1250599
56.5927785	10.1611087
56.5924949	10.1588987
56.5909626	10.1586377
56.6342356	10.1441358
56.6340587	10.1441786
56.6339879	10.1443288
56.5877745	10.1738976
56.5876271	10.1738332
56.5876623	10.1733397
56.5877391	10.1729748
56.5877214	10.1728891
56.5873196	10.1724598
56.5868411	10.1716338
56.5866933	10.1712583
56.5865583	10.1711467
56.5863863	10.1709149
56.586263	10.170417
56.5861501	10.1703784
56.6321586	10.1498433
56.5909626	10.1586377
56.6642929	10.0663087
56.6647175	10.0644634
56.6646703	10.0639912
56.6328904	10.1437279
56.6330202	10.1439856
56.6330376	10.1410458
56.6301404	10.1423762
56.5955554	10.1786611
56.6624062	10.0678537
56.6625949	10.0660513
56.6627364	10.0652788
56.6368673	10.1386641
56.6370915	10.1388356
56.6372396	10.1387455
56.638507	10.1377842
56.6387312	10.1377842
56.6388728	10.1381276
56.639156	10.1384494
56.6392928	10.1389387
56.639333	10.1395866
56.6393684	10.1404019
56.6396634	10.1422046
56.6405365	10.1436636
56.640992	10.1447967
56.6414049	10.1454188
56.6416692	10.1456164
56.5861501	10.1703784
56.585128	10.1723226
56.5861147	10.1731465
56.6326897	10.1522681
56.6326425	10.1520322
56.6325009	10.1519892
56.6322477	10.1519205
56.6321704	10.151839
56.6321586	10.1498433
56.6319462	10.1499722
56.6038002	10.1373337
56.6436278	10.1362607
56.6433919	10.1364325
56.6612976	10.0681541
56.6445481	10.1321839
56.6471908	10.1050184
56.6470728	10.1063058
56.6470019	10.1069496
56.6468369	10.1073358
56.6466552	10.1074173
56.6786127	10.0611438
56.5953711	9.4923909
56.5953946	9.4929059
56.595442	9.4931525
56.5954892	9.4933779
56.5955127	9.493689
56.5955069	9.4943435
56.5997832	9.4992787
56.5976569	9.49341
56.5973556	9.4933886
56.5969304	9.4933992
56.5967769	9.4933565
56.5966764	9.4933565
56.5966056	9.4933886
56.5965583	9.4934959
56.5965347	9.4936246
56.5965288	9.4937427
56.6361174	9.5129365
56.6356395	9.5126361
56.6349255	9.509632
56.6346541	9.5085592
56.6345892	9.5083982
56.634542	9.508291
56.634505	9.5081323
56.6344712	9.5078081
56.6342942	9.5071645
57.5353036	10.1855629
57.5339672	10.1856946
57.526395	10.1635392
57.5278753	10.1632825
57.5309762	10.1790954
57.5314358	10.179135
57.5325248	10.1790822
57.5352965	10.183113
57.5352824	10.1826123
57.535254	10.1823753
57.5351834	10.1822567
57.5350349	10.1822173
57.5264801	10.1848471
57.526212	10.1855097
57.5260926	10.185841
57.5260122	10.1860497
57.5259659	10.1861406
57.5259024	10.1862359
57.5257831	10.1862269
57.5252177	10.1861588
57.5250885	10.1861814
57.5250374	10.1862359
57.5249277	10.1865081
57.5248863	10.1866671
57.5256481	10.1882121
57.5254758	10.1879616
57.5253034	10.1877498
57.5251036	10.1874995
56.8017008	10.0612878
56.8026583	10.0608372
57.5211341	10.1782665
57.5210512	10.1783118
57.5209244	10.1782846
57.5203736	10.1780305
57.5202908	10.1780122
57.5191013	10.1779307
57.5191891	10.1779307
57.5194962	10.1778308
57.5197448	10.1776674
57.5199836	10.1774677
57.5201201	10.1773496
57.5201786	10.1773496
56.8005319	10.0621457
56.8004302	10.0614688
57.522109	10.1764962
57.5220944	10.1766416
57.5220505	10.1767051
57.5219432	10.1767415
57.5206612	10.1769049
57.5204711	10.1769775
57.5203493	10.1770774
57.5202859	10.1772498
57.5371806	10.217149
57.5373106	10.2171304
57.5374356	10.2172048
57.5271432	10.1897386
57.5281122	10.1909109
57.5283526	10.1911084
57.5284728	10.1913587
57.5284728	10.191609
57.528395	10.191925
57.5282536	10.1922017
57.5281475	10.192531
57.5281122	10.1930579
57.5280825	10.1949061
57.5280627	10.1957319
57.5280627	10.1965484
57.5273979	10.1965089
57.5269665	10.1964959
57.5267614	10.1964299
57.5265987	10.1962322
57.5264927	10.1959689
57.5163354	10.2058612
57.5164063	10.2055978
57.5164063	10.2050445
57.5163001	10.2039907
57.5162364	10.2030028
57.5203534	10.2012773
57.520311	10.2010139
57.5201554	10.2007635
57.5193349	10.1999337
57.5192146	10.1996967
57.5223399	10.2154062
57.5449769	10.2299476
57.5450331	10.2293665
57.5450494	10.2291941
57.5450966	10.2290286
57.5451709	10.2289172
57.5452687	10.2289172
57.5460195	10.229157
57.5464474	10.2292718
57.5466418	10.2293299
57.5470584	10.2294543
57.5475932	10.2296132
57.5461122	10.2287288
57.5462535	10.2288167
57.5463588	10.2290464
57.5177246	10.1587787
57.5158818	10.1532503
57.5382525	10.2422166
57.5379298	10.2425345
57.5378538	10.2426136
57.5377831	10.242709
57.5377283	10.2428902
57.5377477	10.2431076
57.5379722	10.243934
57.5391807	10.2484312
57.5400381	10.206984
57.540533	10.2069465
57.5404683	10.2071965
57.5399137	10.2065382
57.5398684	10.2067775
57.5398485	10.2068519
57.539915	10.2068983
57.5400381	10.206984
57.5402834	10.2071547
57.5403033	10.2070661
57.0286584	9.915457
57.0282833	9.91547
56.8349051	8.7494507
56.834993	8.7488377
56.8350143	8.7486229
56.8351027	8.7477315
56.8351131	8.7476261
56.8351787	8.7473464
56.8360491	8.7464876
56.8362749	8.746248
56.8364352	8.7459484
56.8370069	8.7441576
56.8371125	8.7437314
56.8372952	8.7425245
56.8373966	8.741854
56.8374985	8.7413015
56.8376734	8.7404892
56.8377644	8.7399433
56.8378336	8.7393574
56.8380801	8.7381017
56.8384308	8.736315
56.8387438	8.7346548
56.8388071	8.7342511
56.8388435	8.7338767
56.8388025	8.7337185
56.8386386	8.7336769
56.8379467	8.7334606
56.8369862	8.7332277
56.8351516	8.7327367
56.8347464	8.732645
56.8342046	8.7325619
56.9954992	8.6802072
56.99548	8.6779481
56.9953677	8.6775427
57.0014212	8.6748348
57.0009744	8.676547
57.0008028	8.6773
57.0004761	8.6782872
57.0003449	8.6786835
56.9996391	8.6796469
56.9988092	8.6800497
56.9985684	8.6801008
56.9983097	8.6801557
56.9982061	8.6801568
56.9963914	8.6801757
56.9959285	8.6802072
56.9954992	8.6802072
